----------------------------
iteration: 10000 lr: 10
loss: [[ 10282.51514647]]accuracy: [ 0.85319861]
model name: model1W
weight: [[ -1.23598213e+00   1.86295033e+00   1.04142149e+00   8.61923169e-01
    3.19294998e+01   2.82019882e+00   2.91116534e+00  -5.79248820e-01
   -1.26422593e+00  -9.66630704e+00  -1.08161219e+00  -9.06555483e-01
   -1.57230984e+00  -1.39247505e+00  -1.18226492e+01  -1.10423384e+00
   -1.72552044e+00  -1.64052890e+00  -1.23637629e+00  -2.25775108e+00
   -1.96414345e+00  -2.20105304e+00  -1.91946183e+00  -3.89982529e-01
   -3.73431119e-01   2.10644204e-01   1.26392448e+00  -9.12110716e-01
    5.63354678e-01  -2.57164000e+01   1.06760564e+00  -5.66576904e-01
   -7.49288946e-01   1.93634687e+00   1.45701416e+00  -7.60269182e-01
   -1.23177342e+00  -8.82660563e-01  -6.20849485e-01  -4.51363093e-01
   -1.62163284e+00  -3.79294673e-01   3.35582958e-01  -1.44345423e+00
   -1.13068517e+00  -7.33311384e-01  -1.27607035e+00  -4.57917852e+00
    6.42542384e-02   1.25541287e-01  -1.69997089e-01   2.04774211e-01
   -5.60873566e-01  -1.13262661e+00   5.82102550e-01   1.15160853e+00
    2.09148063e-01  -7.80600593e-02   1.02322649e+00   1.94485018e+00
   -1.73809847e+00  -1.07313289e+00  -1.34410188e+00  -1.56454530e+00
   -1.16530587e+00  -1.50743282e-02  -9.79618011e-01  -2.00467076e+00
   -3.42681324e+00  -9.62786659e-01  -3.13994090e+00  -1.59107723e+00
   -1.91966129e+00  -1.00122917e+00  -7.23653144e-01  -8.77002653e-01
   -2.29485059e+00  -1.56025849e+00  -1.36077313e+00  -9.53937768e+00
   -2.58250472e+00  -1.40960402e+00  -1.42404400e+00  -1.68617870e+00
   -1.26260064e+00  -7.76808113e-01  -5.02295631e-01  -1.26816957e+00
   -9.17223881e-01  -1.91752633e+00  -1.86098698e+00  -2.11179311e+00
   -1.31020147e+01  -2.14650630e+00  -8.86224118e-01  -1.31470625e+00
   -1.34246012e+00  -1.64496231e+00  -1.30620517e+00  -2.37861255e+00
   -1.27182859e+00  -1.87510663e+00  -1.69435981e+00  -1.11513470e+00
   -2.45592297e+00  -6.24692011e-01  -1.49666052e+00]]
----------------------------
iteration: 1000 lr: 10
loss: [[ nan]]accuracy: [ 0.83007279]
model name: model1K
weight: [[ -1.22025528   2.37353943   1.41953712   1.04494834  39.05045149
    3.49817048   3.80160883  -0.46654773  -1.2796485   -9.1096988
   -1.05173624  -0.8491176   -1.64753678  -1.42208281 -11.17206399
   -1.16154125  -1.95811929  -1.8488648   -1.37878333  -2.53636532
   -2.22014502  -2.51534372  -2.16612528  -0.37071121  -0.35470071
    0.34597777   1.56644101  -1.0027612    0.75581125 -25.71602591
    1.35315999  -0.58355893  -0.8974919    2.0956621    1.52188769
   -0.89926661  -1.43102035  -1.03217454  -0.73961579  -0.45822712
   -1.73117606  -0.40820716   0.45927141  -1.68912642  -1.26316401
   -0.81773879  -1.41255171  -5.62707696   0.13352055   0.20369915
   -0.146008     0.30884536  -0.63531037  -1.18913725   0.60558325
    1.07210469   0.12520921  -0.17097921   0.96344811   2.15354987
   -1.8187719   -1.03325223  -1.35423424  -1.60069912  -1.14790868
    0.21617707  -0.93146045  -2.14090966  -3.80409114  -0.9319771
   -3.40242153  -1.62593204  -2.04540737  -0.96373784  -0.63680025
   -0.82335349  -2.52129089  -1.58386422  -1.36616666  -9.05796869
   -2.76680331  -1.42751421  -1.47834982  -1.77149856  -1.27888489
   -0.68913642  -0.37900801  -1.26878792  -0.85655504  -2.01709418
   -1.93477807  -2.26585564 -13.01161291  -2.28700409  -0.83546148
   -1.3168527   -1.34522284  -1.71139333  -1.34518296  -2.61845974
   -1.25500714  -2.03800318  -1.77530139  -1.0956915   -2.68974661
   -0.52121587  -1.55395688]]
-----------------------------------------
iteration: 10000lr: 10
loss: [[ nan]]accuracy: [ 0.81290501]
model name: model_noada_delus
weight: [[ -4.89543416e+00   2.39789473e+00   1.43677041e+00   1.77746800e+00
   -1.76231461e-02   3.87879500e+00   4.14673239e+00  -3.37461501e+00
   -4.43024622e+00  -1.07335301e+01  -4.11566910e+00  -3.95354394e+00
   -4.82323811e+00  -4.57618173e+00  -9.65431442e+02  -3.79833300e+00
   -4.73812441e+00  -5.00544159e+00  -4.04384971e+00  -6.97422454e+00
   -5.65138883e+00  -7.06289462e+00  -6.22461389e+00  -2.87737304e+00
   -2.80145113e+00  -1.99062456e+00  -4.48807080e-01  -3.53185677e+00
   -1.53928315e+00  -1.21141281e+03  -7.43547027e-01  -3.02976385e+00
   -3.69354182e+01   1.03055609e+01   9.71946973e+00  -3.70429400e+01
   -3.81142601e+01  -3.75334538e+01  -3.73024931e+01  -2.27040615e+00
   -3.23864610e+00  -1.94567794e+00  -1.11418579e+00  -3.75883092e+00
   -3.26400985e+00  -2.59793226e+00  -3.48070102e+00  -7.76736650e+02
   -1.50942147e+00  -1.32796676e+00  -1.75690259e+00  -1.37216803e+00
   -2.11797602e+00  -3.82429193e+00   3.80071857e+00   4.84813670e+01
    9.23318997e-01  -2.57702518e+02   4.78403110e+01   6.30072285e+00
   -5.93840380e+00  -4.60117322e+00  -5.12497381e+00  -5.29675964e+00
   -4.79723028e+00   1.74703206e+00   3.56252445e-01  -1.32770729e+00
   -2.64467923e+02   2.37047949e-01  -2.49881148e+00  -3.77265427e+00
   -2.54250584e+00   1.64227928e-02   4.88479862e-02   2.42969988e-01
   -2.36770661e+00  -2.07792730e+00   2.74812633e-01  -9.00000001e+00
   -1.57768855e+00  -2.87623073e-01  -2.32723207e+00  -7.99298837e-01
   -7.56486907e-03   4.47660717e-02   8.74588876e-01   1.31877928e-01
   -6.34850884e-02  -1.53560470e+00  -1.67916721e+00  -3.16759945e+00
   -1.24311153e+01  -1.21032654e+00   5.51278205e-01  -6.23830223e-01
   -6.18627881e-01  -1.20761854e+00  -1.59351246e-01  -1.46112088e+00
   -3.60289173e-01  -8.82902550e-01  -2.23730539e-01  -1.39094996e+02
    7.79981597e-01  -5.47144843e-01]]
-----------------------------------------
iteration: 10000lr: 10
loss: [[ nan]]accuracy: [ 0.80129603]
model name: model_noada_delus
weight: [[ -3.52270801   3.25995275   1.99916156   1.33231504  56.69574282
    5.1358814    0.08331389  -2.12178456  -3.30198436 -18.93796058
   -2.94112214  -2.47395425  -3.86409248  -3.51354864 -26.7464043
   -2.33516975  -3.18371739  -2.98726404  -2.39754099  -3.73026082
   -3.37171335  -3.90606225  -3.37588707  -0.82721145  -0.85612375
    0.27174276   2.07064031  -1.8756515    0.89392036 -61.69016049
    1.78371321  -1.1933635    0.46077783   4.6900796    3.80269422
    0.48838557  -0.2682502    0.32727126   0.84600535  -0.58049864
   -2.23779152  -0.6691544    0.83188189  -2.64901344  -1.76191236
   -1.2236231   -1.89154516  -8.63992901   0.30332761   0.34872271
   -0.14693175   0.50069774  -1.02671805  -2.38054732   2.59177176
    2.9490744    1.920955     1.70675546   2.89730157   4.67262379
   -4.28828177  -3.03823511  -3.51852662  -3.89389492  -3.2687486
    2.00909333   0.34205632  -1.62375463  -3.80738132   0.17846985
   -3.54429476  -0.6890632   -1.28820533   0.22289259   1.0176855
    0.41915231  -2.2486899   -0.54366049  -0.42229452 -16.07032059
   -1.3860338   -0.38018882  -0.50904253  -1.03453954  -0.2541728
    0.56245455   1.10964406  -0.33476773   0.49605601  -1.31895571
   -1.07067226  -1.64613079 -30.98307087  -1.68778419   0.32403223
   -0.40875853  -0.37642079  -0.84829494  -0.39827382  -2.29908679
   -0.23833461  -1.55213033  -1.12969566  -2.26494375   1.02407371
   -0.70221379]]
-----------------------------------------
iteration: 100000lr: 10
loss: [[ 10330.6106334]]accuracy: [ 0.85258438]
model name: model_noada_delus
weight: [[ -3.31134389e+00   1.87492288e+00   1.04986357e+00   8.67474530e-01
    3.20865436e+01   2.83769444e+00   3.29625863e-02  -2.27211332e+00
   -2.96032886e+00  -1.89387995e+01  -2.77648351e+00  -2.59976731e+00
   -3.26977640e+00  -3.08907959e+00  -2.67464109e+01  -1.84272056e+00
   -1.97485942e+00  -1.88904315e+00  -1.48341316e+00  -2.50740095e+00
   -2.21295439e+00  -2.45212862e+00  -2.16879961e+00  -6.32781404e-01
   -6.16349189e-01  -2.92070519e-02   1.02960973e+00  -1.15773098e+00
    3.25444135e-01  -6.16901605e+01   8.32455227e-01  -8.10268129e-01
    1.57461799e+00   4.27093851e+00   3.78828167e+00   1.56388545e+00
    1.09075445e+00   1.44131801e+00   1.70507486e+00  -2.47465181e-01
   -1.42211156e+00  -1.75962793e-01   5.43147814e-01  -1.24661340e+00
   -9.29818615e-01  -5.31322102e-01  -1.07499578e+00  -4.40217368e+00
    2.70193691e-01   3.31905550e-01   3.48207097e-02   4.11105492e-01
   -3.58568485e-01  -1.88812532e+00   2.81991382e+00   3.38860334e+00
    2.44532518e+00   2.15868607e+00   3.26052022e+00   4.18697515e+00
   -3.63577328e+00  -2.96729291e+00  -3.23945937e+00  -3.46094161e+00
   -3.06028471e+00   1.10794707e+00   1.39357846e-01  -8.91637854e-01
   -2.31865178e+00   1.55547684e-01  -2.03302217e+00  -4.74718646e-01
   -8.04791181e-01   1.17335714e-01   3.97652339e-01   2.42120291e-01
   -1.18330437e+00  -4.42695122e-01  -2.43668710e-01  -1.60715392e+01
   -1.46089635e+00  -2.92475360e-01  -3.07159063e-01  -5.71289644e-01
   -1.45676317e-01   3.42909865e-01   6.18799109e-01  -1.51045818e-01
    2.02855732e-01  -8.03220204e-01  -7.45382232e-01  -9.97898746e-01
   -3.09830709e+01  -1.03255927e+00   2.32252382e-01  -1.97814966e-01
   -2.25550599e-01  -5.29006024e-01  -1.89273296e-01  -1.26744790e+00
   -1.53909003e-01  -7.60991530e-01  -5.79708765e-01  -1.34331502e+00
    4.97211589e-01  -3.80664051e-01]]
